000000,000000,000000,000000,000000,-00036;-0.0226,+0.3705,+0.0807,+0.0238,+0.0111,-0.0328;20.80,20.80,21.29,20.80,21.78,20.31#
000000,000000,000000,000000,000000,-00036;-0.0232,+0.3652,+0.0812,+0.0237,+0.0124,-0.0330;
000000,000000,000000,000000,000000,-00036;-0.0232,+0.3644,+0.0812,+0.0244,+0.0117,-0.0325;
21.78,20.80,21.29,21.29,21.78,20.80#
000000,000000,000000,000000,000000,-00036;-0.0240,+0.3655,+0.0803,+0.0241,+0.0125,-0.0327;
000000,000000,000000,000000,000000,-00036;-0.0221,+0.3653,+0.0809,+0.0249,+0.0128,-0.0327;
21.29,21.29,21.29,21.78,21.29,19.34#
000000,000000,000000,000000,000000,-00036;-0.0229,+0.3645,+0.0804,+0.0227,+0.0119,-0.0323;
000000,000000,000000,000000,000000,-00036;-0.0214,+0.3644,+0.0807,+0.0244,+0.0122,-0.0327;
20.80,20.80,21.29,21.29,21.29,20.31#
000000,000000,000000,000000,000000,-00036;-0.0230,+0.3642,+0.0809,+0.0247,+0.0117,-0.0327;
000000,000000,000000,000000,000000,-00036;-0.0203,+0.3648,+0.0807,+0.0244,+0.0125,-0.0331;
21.29,20.80,21.29,21.29,21.29,20.80#
000000,000000,000000,000000,000000,-00036;-0.0233,+0.3662,+0.0835,+0.0241,+0.0117,-0.0327;
000000,000000,000000,000000,000000,-00036;-0.0226,+0.3658,+0.0813,+0.0244,+0.0117,-0.0327;
21.29,21.29,21.29,21.29,21.29,20.31#
000000,000000,000000,000000,000000,-00036;-0.0229,+0.3655,+0.0806,+0.0241,+0.0125,-0.0325;
000000,000000,000000,000000,000000,-00036;-0.0218,+0.3655,+0.0809,+0.0241,+0.0125,-0.0330;
21.29,20.80,21.29,21.29,21.29,20.31#
000000,000000,000000,000000,000000,-00036;-0.0215,+0.3615,+0.0789,+0.0244,+0.0121,-0.0325;
000000,000000,000000,000000,000000,-00036;-0.0238,+0.3630,+0.0789,+0.0244,+0.0128,-0.0327;
21.29,20.80,21.29,20.80,21.29,20.31#
000000,000000,000000,000000,000000,-00036;-0.0211,+0.3633,+0.0809,+0.0241,+0.0130,-0.0322;
000000,000000,000000,000000,000000,-00036;-0.0218,+0.3633,+0.0815,+0.0241,+0.0116,-0.0325;
21.29,21.29,21.29,21.29,21.29,19.82#
000000,000000,000000,000000,000000,-00036;-0.0223,+0.3647,+0.0816,+0.0237,+0.0127,-0.0327;
000000,000000,000000,000000,000000,-00036;-0.0171,+0.3621,+0.0804,+0.0243,+0.0121,-0.0327;
20.80,21.29,21.29,21.29,20.80,20.31#
000000,000000,000000,000000,000000,-00036;-0.0171,+0.3641,+0.0819,+0.0246,+0.0124,-0.0325;
000000,000000,000000,000000,000000,-00036;-0.0224,+0.3652,+0.0813,+0.0243,+0.0122,-0.0328;
21.29,20.80,21.29,20.80,20.80,20.80#
000000,000000,000000,000000,000000,-00036;-0.0220,+0.3677,+0.0807,+0.0244,+0.0121,-0.0333;
000000,000000,000000,000000,000000,-00036;-0.0214,+0.3632,+0.0813,+0.0232,+0.0127,-0.0325;
20.80,20.31,21.29,20.80,21.29,19.82#
000000,000000,000000,000000,000000,-00036;-0.0223,+0.3645,+0.0800,+0.0244,+0.0122,-0.0319;
000000,000000,000000,000000,000000,-00036;-0.0226,+0.3638,+0.0810,+0.0250,+0.0121,-0.0328;
20.80,21.29,21.29,20.80,21.29,19.82#
000000,000000,000000,000000,000000,-00036;-0.0227,+0.3623,+0.0789,+0.0232,+0.0119,-0.0325;
000000,000000,000000,000000,000000,-00036;-0.0223,+0.3632,+0.0800,+0.0226,+0.0127,-0.0328;
21.29,20.80,21.29,21.29,21.29,20.80#
000000,000000,000000,000000,000000,-00036;-0.0223,+0.3636,+0.0798,+0.0237,+0.0127,-0.0327;
000000,000000,000000,000000,000000,-00036;-0.0220,+0.3636,+0.0807,+0.0230,+0.0113,-0.0327;
21.29,20.80,21.29,21.29,21.29,20.31#
000000,000000,000000,000000,000000,-00036;-0.0224,+0.3613,+0.0797,+0.0247,+0.0095,-0.0331;
000000,000000,000000,000000,000000,-00036;-0.0226,+0.3652,+0.0813,+0.0238,+0.0122,-0.0325;
21.29,20.80,21.29,21.29,20.80,20.80#
000000,000000,000000,000000,000000,-00036;-0.0217,+0.3641,+0.0807,+0.0240,+0.0117,-0.0327;
000000,000000,000000,000000,000000,-00036;-0.0217,+0.3641,+0.0807,+0.0240,+0.0117,-0.0327;